train_csv_path: "data/csvs/train_s137.csv"
val_csv_path: data/csvs/val_s137.csv
classes: ['__background__', 'Arduino_Nano', 'ESP8266', 'Raspberry_Pi_3', 'Heltec_ESP32_Lora']
num_classes: 5
batch_size: 4
lr: 0.5e-4
img_height: 200
img_width: 200
mean: [0.569195568561554, 0.5429545044898987, 0.5005321502685547]
std: [0.27033576369285583, 0.2533215582370758, 0.26165470480918884]
random_seed: 137
max_epochs: 5
model_arch: "frcnn-mobilenet"